7.699000000000000288e-01
7.630272727272727762e-01
7.606727272727272782e-01
7.572636363636363610e-01
7.515090909090909044e-01
7.372454545454545372e-01
7.282090909090909170e-01
7.448000000000000176e-01
7.426090909090908854e-01
7.420272727272727575e-01
7.399272727272727668e-01
7.376636363636364102e-01
7.276545454545454428e-01
7.213818181818182351e-01
7.641000000000000014e-01
7.594727272727272993e-01
7.584636363636363399e-01
7.547181818181818436e-01
7.504090909090909145e-01
7.384818181818181282e-01
7.291909090909091118e-01
7.538000000000000256e-01
7.465000000000000524e-01
7.453727272727272979e-01
7.414363636363636711e-01
7.351818181818181586e-01
7.173272727272727023e-01
7.023818181818182182e-01
7.594999999999999529e-01
7.558181818181818334e-01
7.553818181818181543e-01
7.524181818181817638e-01
7.496181818181818501e-01
7.411363636363635932e-01
7.355727272727272670e-01
