7.608000000000000318e-01
7.570545454545454245e-01
7.563818181818181552e-01
7.547909090909090679e-01
7.519181818181818189e-01
7.453454545454545332e-01
7.414181818181818651e-01
7.509000000000000119e-01
7.425181818181818549e-01
7.420454545454545636e-01
7.404272727272727117e-01
7.374636363636363212e-01
7.302545454545454895e-01
7.270545454545455089e-01
7.468000000000000194e-01
7.448636363636363944e-01
7.439999999999999947e-01
7.423909090909091013e-01
7.419363636363636161e-01
7.364545454545454728e-01
7.317090909090908646e-01
7.421999999999999709e-01
7.350454545454545574e-01
7.334636363636363177e-01
7.298636363636363811e-01
7.280818181818181634e-01
7.194000000000000394e-01
7.141636363636363338e-01
7.717000000000000526e-01
7.625818181818181385e-01
7.628636363636364104e-01
7.589181818181818251e-01
7.570090909090908537e-01
7.492363636363635893e-01
7.459454545454545782e-01
