9.684668499999998792e-01
9.672972228191000221e-01
9.670954770431589020e-01
9.666182082185491575e-01
9.660323814508723350e-01
9.646131826905417483e-01
9.635744740128557861e-01
9.666489333333332379e-01
9.649318776400365172e-01
9.647695181359046135e-01
9.641633293388428561e-01
9.634718012396694675e-01
9.618654039485766694e-01
9.608638578971533395e-01
9.664523934343434153e-01
9.653971924242424896e-01
9.651740851239669627e-01
9.647325066574838903e-01
9.642639491276400188e-01
9.625920523875114432e-01
9.616684672176308846e-01
9.646257954545454094e-01
9.629990973829201106e-01
9.628341319100091056e-01
9.621069917814508710e-01
9.614769202020202465e-01
9.595459123507804611e-01
9.584779953627180493e-01
9.707531333333333512e-01
9.689704104683196650e-01
9.689175672176307819e-01
9.680307997704316048e-01
9.675735601010100329e-01
9.657262838383837700e-01
9.646567303948577754e-01
