9.697918555555556930e-01
9.679868113865932600e-01
9.677705744719926617e-01
9.668727557851239940e-01
9.654608297520661520e-01
9.621131940312211972e-01
9.599732702020201680e-01
9.658513666666665998e-01
9.650162547291094572e-01
9.648849647842057120e-01
9.643007009641871852e-01
9.637183791092744922e-01
9.609182000918273792e-01
9.591790387970615672e-01
9.687267777777777145e-01
9.671550986225895263e-01
9.669774541322311290e-01
9.659960123507804752e-01
9.649477206611569713e-01
9.620604877869602944e-01
9.603591442607897211e-01
9.677034888888889075e-01
9.659394520661155337e-01
9.657601751147841806e-01
9.645322848025712492e-01
9.633546290174471727e-01
9.591339638200183648e-01
9.559760544995409282e-01
9.705251843434343773e-01
9.691631956841139095e-01
9.689279436639118837e-01
9.680049387970616204e-01
9.671430572084480648e-01
9.642674464646464605e-01
9.623088134527089110e-01
