8.030084094267561312e+00
8.030084094267561312e+00
8.030084094267561312e+00
8.030084094267561312e+00
8.030084094267561312e+00
8.030084094267561312e+00
8.030084094267561312e+00
8.029632826571884152e+00
8.029632826571884152e+00
8.029632826571884152e+00
8.029632826571884152e+00
8.029632826571884152e+00
8.029632826571884152e+00
8.029632826571884152e+00
8.030084094267561312e+00
8.030084094267561312e+00
8.030084094267561312e+00
8.030084094267561312e+00
8.030084094267561312e+00
8.030084094267561312e+00
8.030084094267561312e+00
8.030084094267561312e+00
8.030084094267561312e+00
8.030084094267561312e+00
8.030084094267561312e+00
8.030084094267561312e+00
8.030084094267561312e+00
8.030084094267561312e+00
8.030084094267561312e+00
8.030084094267561312e+00
8.030084094267561312e+00
8.030084094267561312e+00
8.030084094267561312e+00
8.030084094267561312e+00
8.030084094267561312e+00
